tree
version=v4
num_class=1
num_tree_per_iteration=1
label_index=0
max_feature_idx=8
objective=binary sigmoid:1
feature_names=price_ngn days_to_departure duration_min departure_hour dow is_air price_vs_route_med price_trend_3d carrier_rank
feature_infos=[10500:1834500] [2:30] [61:824] [6:20] [0:6] [0:1] [0.14215202369200394:7.1542553191489358] [-0.22500000000000001:0.13496932515337423] [1:7]
tree_sizes=3303 3408 3402 3419 3420 3410 3418 3422 3402 3413 3423

Tree=0
num_leaves=31
num_cat=0
split_feature=1 7 0 7 8 1 1 0 7 0 3 7 7 0 4 0 7 0 1 0 7 7 0 6 6 4 0 1 7 0
split_gain=330.303 113.202 97.9489 34.7872 26.0359 28.1463 25.9767 25.1612 24.4307 12.1069 11.6251 15.845 10.5427 9.92893 9.19925 13.4766 11.8887 12.5952 8.66114 8.22088 7.596 9.6234 7.52524 7.17102 6.42191 6.41528 9.22213 13.8672 6.78234 6.3707
threshold=11.500000000000002 0.0049383017119445944 26500.000000000004 0.04506350612907991 3.5000000000000004 23.500000000000004 19.500000000000004 90150.000000000015 0.013667709646787778 15350.000000000002 15.000000000000002 -0.063186866271514749 -0.0019936359452242956 15750.000000000002 1.5000000000000002 19850.000000000004 0.039083052097680711 16350.000000000002 4.5000000000000009 94950.000000000015 -0.054836284664216493 -0.043458169251788144 21150.000000000004 0.36286683403382419 0.95966941999398048 1.5000000000000002 103150.00000000001 18.500000000000004 0.040249170716655104 103550.00000000001
decision_type=2 2 2 2 2 2 2 2 2 2 2 2 2 2 2 2 2 2 2 2 2 2 2 2 2 2 2 2 2 2
left_child=2 6 8 -4 9 25 7 12 18 -3 -8 -12 20 -11 15 -10 -16 -18 -1 -7 -2 -22 -19 -13 -25 28 -27 -28 -6 -26
right_child=1 4 3 -5 5 19 10 -9 14 13 11 23 -14 -15 16 -17 17 22 -20 -21 21 -23 -24 24 29 26 27 -29 -30 -31
leaf_value=0.33032713856298263 0.28441601132978322 0.32798062246590809 0.3474417245312148 0.3825165105362261 0.30124607818737487 0.30828436541291004 0.27514543634146449 0.32401707651519773 0.33862241533459392 0.25978321602146304 0.33181529109502961 0.25925761983934692 0.27635445802497505 0.30314779597449043 0.36358986795609982 0.29171982413086911 0.30578741308939289 0.35484437185601481 0.30959752473223323 0.26494975732575493 0.33448985709075874 0.29860690369842019 0.32510572098223239 0.31118684646371314 0.28068102975532672 0.3473197974410589 0.33955603929123951 0.28033498312206184 0.33664053593685389 0.31118684646371314
leaf_weight=68.917937129735947 67.076388031244278 48.14202806353569 164.08159139752388 124.20231291651726 24.827167838811874 32.253171414136887 324.67590245604515 76.280324071645737 42.186555922031403 14.2381574511528 20.627787709236145 22.616029620170593 80.626873195171356 181.02580472826958 51.644006133079529 24.044308692216873 28.370922088623047 57.895720988512039 187.41543498635292 16.565370619297028 23.007935374975204 99.44611057639122 33.628515988588333 27.842053294181824 122.74933630228043 124.35968786478043 31.798601388931274 14.344026446342466 29.756948798894882 19.887180924415588
leaf_count=250 226 174 611 487 86 113 1077 274 155 46 75 73 268 629 197 82 99 218 658 54 84 343 121 98 411 463 117 48 109 70
internal_value=0.313365 0.298841 0.339392 0.362553 0.317422 0.327996 0.287979 0.298658 0.325879 0.305523 0.281106 0.290162 0.291498 0.299986 0.337423 0.321595 0.343534 0.334895 0.315171 0.29358 0.297941 0.305349 0.343918 0.285712 0.289222 0.33546 0.340237 0.321146 0.320542 0.284934
internal_weight=2184.53 1402.15 782.387 288.284 517.311 273.905 884.836 346.438 494.103 243.406 538.398 213.722 270.157 195.264 237.77 66.2309 171.539 119.895 256.333 48.8185 189.53 122.454 91.5242 193.095 170.479 225.086 170.502 46.1426 54.5841 142.637
internal_count=7716 4838 2878 1098 1839 990 2999 1195 1780 849 1804 727 921 675 872 237 635 438 908 167 653 427 339 652 579 823 628 165 195 481
is_linear=0
shrinkage=1


Tree=1
num_leaves=31
num_cat=0
split_feature=7 2 0 3 7 2 2 7 7 6 0 4 4 2 4 0 6 6 7 0 0 0 6 0 2 0 0 6 7 0
split_gain=244.724 51.1339 23.6082 17.2281 14.3356 13.0596 14.9841 10.91 9.93435 10.0459 8.88604 8.00681 10.7058 7.64285 6.74729 9.76165 6.74114 6.7304 7.19977 7.90828 9.44026 6.67598 6.58665 9.69344 6.5958 6.18084 6.08896 6.04277 5.88506 5.66858
threshold=1.0000000180025095e-35 479.50000000000006 91250.000000000015 15.000000000000002 -0.0019936359452242956 793.50000000000011 603.50000000000011 0.09238166908454129 -1.0000000180025095e-35 1.0095557686161716 22050.000000000004 5.5000000000000009 2.5000000000000004 508.50000000000006 1.5000000000000002 13950.000000000002 1.0111749496958953 5.5203686635944704 0.04506350612907991 18150.000000000004 79350.000000000015 21850.000000000004 1.0224375843840823 101550.00000000001 66.500000000000014 91550.000000000015 89550.000000000015 0.68667072653121497 0.056103935449538726 79350.000000000015
decision_type=2 2 2 2 2 2 2 2 2 2 2 2 2 2 2 2 2 2 2 2 2 2 2 2 2 2 2 2 2 2
left_child=2 17 3 8 -4 6 7 13 9 -1 16 12 -6 28 21 -16 27 18 25 -20 -21 -10 26 -24 -25 -2 -22 -5 -3 -12
right_child=1 5 4 10 11 -7 -8 -9 14 -11 29 -13 -14 -15 15 -17 -18 -19 19 20 22 -23 23 24 -26 -27 -28 -29 -30 -31
leaf_value=-0.03064387055155764 0.017665959582449656 -0.032235255537482382 -0.0054536240029356975 -0.040663809207006116 -0.04112826944950667 0.018668032732057787 -0.01787526542619684 0.031509115140422372 -0.043481674665136374 -0.050225409490644128 0.015160744377112484 -0.063978358743780481 -0.0066957099007762116 0.0020403353962236965 -0.016397237808585548 -0.058403039484432567 -0.04535593372674817 0.0511954154319103 -0.009222794087561749 0.061251879751107831 0.062448527304137469 -0.0045124417987028806 -0.0035197918618870439 0.00054192181446011903 0.03412613180374504 -0.00037870163492526477 0.0247562896800501 -0.02152153371224421 0.0062425493977266711 -0.018508545710521612
leaf_weight=303.49745453894138 78.569550350308418 34.620548442006111 127.81641106307507 52.634300425648689 47.350408926606178 42.3491091132164 276.50568698346615 24.206546276807785 47.232404232025146 83.525378495454788 18.425093248486519 15.157305672764776 43.143337622284889 130.69419831037521 15.418173998594282 134.33101409673691 52.971506804227829 12.421301275491713 21.859710827469826 14.533152014017103 12.472301900386809 14.323153138160704 54.876541510224342 20.544648736715317 50.692951008677483 119.83742254972458 76.032748058438301 190.24016688764095 13.93805944919586 38.880941718816757
leaf_count=1040 293 119 458 177 160 158 973 92 158 277 68 49 154 475 54 438 177 49 78 58 50 51 199 75 195 434 288 662 51 136
internal_value=-0.0156599 0.00276844 -0.0309655 -0.0344615 -0.016718 -0.00794856 -0.010297 1.93479e-06 -0.0396304 -0.0348699 -0.025704 -0.0303457 -0.0247124 -0.00425284 -0.0483497 -0.0540781 -0.0291947 0.0148887 0.0138853 0.0195117 0.0222528 -0.0344141 0.0196119 0.0122741 0.0244406 0.00676702 0.030068 -0.0256699 -0.0211907 -0.00768316
internal_weight=2169.1 984.154 1184.95 951.48 233.467 522.314 479.965 203.459 598.328 387.023 353.152 105.651 90.4937 179.253 211.305 149.749 295.846 461.84 449.419 251.012 229.152 61.5556 214.619 126.114 71.2376 198.407 88.505 242.874 48.5586 57.306
internal_count=7646 3587 4059 3238 821 1868 1710 737 2018 1317 1220 363 314 645 701 492 1016 1719 1670 943 865 209 807 469 270 727 338 839 170 204
is_linear=0
shrinkage=0.05


Tree=2
num_leaves=31
num_cat=0
split_feature=7 2 0 7 7 2 6 6 6 4 7 0 0 6 6 0 3 2 6 6 0 2 7 0 0 2 0 7 4 6
split_gain=202.879 53.5229 20.526 14.3422 13.6108 13.5721 12.2867 10.1164 13.7786 9.91728 8.87298 8.88284 9.21737 8.66557 8.48301 10.389 7.23275 7.07522 6.93265 6.88299 6.79612 6.75027 10.0323 7.62972 8.67593 6.43651 6.36393 5.4365 5.12423 9.26834
threshold=1.0000000180025095e-35 479.50000000000006 104850.00000000001 -0.0019936359452242956 -0.015298321163327714 789.50000000000011 5.5203686635944704 0.81534645413142492 0.96155898530498329 1.5000000000000002 0.04506350612907991 18150.000000000004 71550.000000000015 1.0393921013583032 1.0002339728591487 126250.00000000001 17.000000000000004 765.00000000000011 0.33171702238786155 1.1250350532809874 14850.000000000002 68.500000000000014 0.053192311868109458 99550.000000000015 92050.000000000015 72.500000000000014 20250.000000000004 0.07860479263073282 2.5000000000000004 0.25437473811792288
decision_type=2 2 2 2 2 2 2 2 2 2 2 2 2 2 2 2 2 2 2 2 2 2 2 2 2 2 2 2 2 2
left_child=2 6 3 4 16 17 10 -6 -9 13 -2 -12 -13 18 -14 21 -1 -5 -3 -18 -20 27 -23 24 -24 -10 -7 -16 -11 -30
right_child=1 9 -4 5 7 26 -8 8 25 28 11 12 14 -15 15 -17 19 -19 20 -21 -22 22 23 -25 -26 -27 -28 -29 29 -31
leaf_value=-0.032768629825203892 0.0048377980502556824 -0.058963117748165442 -0.0076284394997470422 -0.037247100320759341 -0.042537832554609661 -0.048987209625376782 0.061835318727612512 0.033720411938306549 0.015233918664067753 0.0058019811175440174 -0.01209480207570709 0.069224963492551125 0.032378399303946315 0.010482852484066753 0.0040090839376977303 0.05332975323850131 -0.0230486456728001 -0.0049707698119442253 0.015623646657036734 0.015761282072663904 -0.024120117574144083 -0.029755055037586655 0.030621548053125187 0.035701570310925766 -0.014226225037892599 -0.020899531031393834 -0.095520678473230522 -0.039796712764152885 0.015281377445363323 -0.011589471077758788
leaf_weight=428.67119783163071 201.13268527388573 12.853120088577269 103.45837824046612 366.23670127987862 20.70489776134491 15.56468077003956 13.074744611978529 19.325275808572769 15.468268275260924 88.999159410595894 21.156504079699516 9.7923511266708356 82.296019792556763 20.984527826309204 17.985995516180996 13.782654032111166 112.28451310098171 17.804415300488472 11.852360293269156 12.718372851610182 116.31401719152927 11.495737373828886 19.304560944437981 40.42314624786377 24.432001322507858 60.641853302717209 13.917046815156935 11.683449149131773 37.05292235314846 239.62128299474716
leaf_count=1454 736 42 368 1229 69 51 53 73 57 325 75 40 318 77 66 55 388 63 44 47 403 40 74 157 87 210 42 40 137 852
internal_value=-0.0149488 0.00171213 -0.0289065 -0.0309386 -0.0264183 -0.0382605 0.0140496 -0.0108561 -0.00398267 -0.00919635 0.0126718 0.0189158 0.0217536 -0.0194947 0.019654 0.0121262 -0.0296827 -0.0357507 -0.0239555 -0.0190999 -0.0204448 0.00759481 0.0140575 0.020042 0.00556881 -0.0135559 -0.0709536 -0.0132411 -0.0046339 -0.00799086
internal_weight=2181.03 994.237 1186.8 1083.34 669.814 413.523 466.56 116.14 95.4354 527.677 453.485 252.352 231.196 162.004 221.404 139.108 553.674 384.041 141.019 125.003 128.166 125.325 95.6554 84.1597 43.7366 76.1101 29.4817 29.6694 365.673 276.674
internal_count=7672 3621 4051 3683 2298 1385 1741 409 340 1880 1688 952 877 566 837 519 1889 1292 489 435 447 464 358 318 161 267 93 106 1314 989
is_linear=0
shrinkage=0.05


Tree=3
num_leaves=31
num_cat=0
split_feature=1 7 0 1 8 7 2 1 0 0 0 7 7 2 2 7 3 6 6 7 3 6 3 7 7 6 8 0 7 3
split_gain=273.025 72.0044 70.9308 22.5033 19.7319 18.7925 14.3008 13.6894 23.403 12.993 11.0723 11.0227 10.6492 9.16992 8.3096 8.46923 8.29154 7.89409 7.73651 8.36829 7.69575 8.34825 7.33103 13.7317 6.94432 6.78884 6.27339 7.34401 6.25764 5.94166
threshold=11.500000000000002 0.0049383017119445944 89150.000000000015 21.500000000000004 3.5000000000000004 1.0000000180025095e-35 64.500000000000014 19.500000000000004 90150.000000000015 95950.000000000015 15350.000000000002 0.10371273197246297 -0.0055197838804029896 775.00000000000011 469.50000000000006 0.079261185968503053 15.000000000000002 0.93317384370015966 1.7107965540327614 0.037059927665613702 8.0000000000000018 0.95837458745874604 15.000000000000002 -0.063186866271514749 0.041414904986575615 1.0318762441937628 5.5000000000000009 93450.000000000015 0.049737500343585948 17.000000000000004
decision_type=2 2 2 2 2 2 2 2 2 2 2 2 2 2 2 2 2 2 2 2 2 2 2 2 2 2 2 2 2 2
left_child=2 7 5 4 10 12 -4 8 16 -5 17 14 20 29 -7 -16 25 -3 -6 -20 21 -1 26 -24 -8 -2 -9 -28 -11 -12
right_child=1 3 6 9 18 11 24 22 -10 28 13 -13 -14 -15 15 -17 -18 -19 19 -21 -22 -23 23 -25 -26 -27 27 -29 -30 -31
leaf_value=-0.035593224371097319 -0.036548819781468789 0.036480303513047305 -0.0010076273187213875 -0.020641615753025026 0.00084917099114291753 0.024979997369173192 0.029015975544794195 -0.048884345591675919 -0.0030128545058745538 -0.037386752241403247 -0.03718794084592017 0.048209150306405865 -0.024593145736747205 0.0086734102415306855 0.0070725845335850761 -0.017609981610908803 -0.022982764278089457 -0.011346498003742135 0.065053585754999935 0.010042924495049399 0.0041241034571811571 0.006405000710229417 0.0071057873808538872 -0.037429472150742361 0.048226879358759328 -0.06211195242976162 -0.01774217280299786 -0.051434688696887401 -0.08043682967227192 -0.01443846395349227
leaf_weight=30.260235771536827 150.04089756309986 13.884390547871588 25.150950506329536 117.57143518328667 164.02657116949558 50.720978617668152 89.356961816549301 260.01980839669704 74.001855671405792 20.08170884847641 79.205762207508087 16.850296452641487 80.094574093818665 18.629889950156212 195.70220290124416 42.258329659700394 98.97382740676403 22.788770139217377 10.232429131865503 21.312413901090622 123.74585646390915 19.429977878928185 19.010535851120949 193.31521482765675 99.333483576774597 31.409057095646858 39.063303276896477 27.601625248789787 14.56230655312538 45.012610033154488
leaf_count=102 501 53 92 410 599 194 339 847 265 68 268 66 274 68 716 149 339 81 41 79 445 70 69 646 397 100 134 90 46 158
internal_value=-0.0139983 -0.0270087 0.00991745 -0.0123569 -0.005777 0.000549587 0.0344086 -0.0356563 -0.0280238 -0.0285713 -0.0177466 0.00890022 -0.00951383 -0.0240383 0.00660576 0.00268932 -0.034624 0.00676064 0.00521028 0.0278871 -0.00255004 -0.019171 -0.040675 -0.033442 0.0391293 -0.0409738 -0.045376 -0.0316921 -0.0554825 -0.0289443
internal_weight=2193.65 1420.74 772.904 527.308 375.093 559.062 213.841 893.436 354.426 152.215 179.521 305.532 253.531 142.848 288.682 237.961 280.424 36.6732 195.571 31.5448 173.436 49.6902 539.01 212.326 188.69 181.45 326.685 66.6649 34.644 124.218
internal_count=7706 4862 2844 1871 1347 2016 828 2991 1205 524 628 1125 891 494 1059 865 940 134 719 120 617 172 1786 715 736 601 1071 224 114 426
is_linear=0
shrinkage=0.05


Tree=4
num_leaves=31
num_cat=0
split_feature=1 0 7 7 1 8 1 0 2 7 0 0 0 1 0 2 7 1 0 0 3 0 2 0 7 6 2 7 0 7
split_gain=247.194 64.8256 59.1035 26.6617 20.892 19.2777 26.2434 14.8828 14.515 12.5753 9.70972 9.50452 11.8299 9.47106 11.2064 9.87052 9.17404 8.63533 7.40915 6.87335 6.73161 6.45578 6.24358 6.27164 11.5686 6.66081 8.15573 7.54811 6.14248 6.11999
threshold=11.500000000000002 89150.000000000015 1.0000000180025095e-35 1.0000000180025095e-35 19.500000000000004 3.5000000000000004 23.500000000000004 90150.000000000015 64.500000000000014 0.10371273197246297 20350.000000000004 15350.000000000002 15750.000000000002 4.5000000000000009 16850.000000000004 535.00000000000011 -0.0055197838804029896 4.5000000000000009 12750.000000000002 21050.000000000004 15.000000000000002 21750.000000000004 795.00000000000011 21150.000000000004 0.064365166675397711 0.83849108223286162 603.50000000000011 0.042503010839020479 1478800.0000000002 -0.0019936359452242956
decision_type=2 2 2 2 2 2 2 2 2 2 2 2 2 2 2 2 2 2 2 2 2 2 2 2 2 2 2 2 2 2
left_child=1 3 4 16 7 11 19 10 -3 13 20 -4 -13 14 -5 -15 17 -1 -6 -7 -2 -8 23 25 -25 27 -27 -17 -10 -12
right_child=2 8 5 9 18 6 21 -9 28 -11 29 12 -14 15 -16 22 -18 -19 -20 -21 -22 -23 -24 24 -26 26 -28 -29 -30 -31
leaf_value=0.013248874802911453 -0.031348451581691687 -0.0025364706442511549 -0.0034058357249470484 -0.0086007160772701863 -0.077134059100335717 0.020916257674962663 -0.0053629841908322314 -0.0046734022491547204 0.034431402631067087 0.053006549373778224 -0.036865919120695929 -0.072534061381659409 -0.02500490751351736 0.016594836894412154 0.033209748040691343 -0.010857605954263185 -0.026489481687097138 -0.012471058949286915 -0.039763844299994841 -0.0013289566090135159 -0.011838370274141148 -0.046371996500908834 0.020835766070692544 -0.0073832921828270092 -0.067769068119318265 0.011652178617647715 -0.028965245997767133 0.038993563150833278 0.067624011364669584 -0.068719316291549593
leaf_weight=43.751578524708748 119.93712128698826 26.304995015263557 47.250868186354637 22.07117435336113 13.604980409145353 42.722696095705032 12.66485348343849 71.758803874254227 169.06961956620216 15.804085493087767 59.29454793035984 14.071979045867918 187.96043708920479 71.73349703848362 58.516372382640839 14.326072901487352 79.290516003966331 128.4369101524353 528.39239944517612 185.48061522841454 70.025269567966461 39.616739109158516 18.343509986996651 22.951863318681717 12.119563594460486 19.731807887554169 33.075228646397591 16.156876385211945 15.190285459160803 20.221859827637672
leaf_count=160 401 96 170 79 42 160 45 256 661 63 197 44 646 270 224 51 269 449 1740 675 243 131 69 82 39 73 114 62 63 63
internal_value=-0.0142764 0.00857864 -0.0266805 -0.00036504 -0.0346002 -0.0134766 -0.00448482 -0.0249086 0.0322077 0.00957706 -0.030297 -0.0235939 -0.0283154 0.00720231 0.0217588 0.00157442 -0.0124163 -0.00593585 -0.0407019 0.00283564 -0.0241565 -0.0364378 -0.00630729 -0.0105139 -0.0282507 -0.00304534 -0.0137882 0.015565 0.0371678 -0.0449666
internal_weight=2179.88 766.874 1413 556.309 883.235 529.768 280.485 341.238 210.565 304.83 269.479 249.283 202.032 289.026 80.5875 208.438 251.479 172.188 541.997 228.203 189.962 52.2816 136.705 118.361 35.0714 83.29 52.807 30.4829 184.26 79.5164
internal_count=7637 2824 4813 2004 2942 1871 1011 1160 820 1126 904 860 690 1063 303 760 878 609 1782 835 644 176 490 421 121 300 187 113 724 260
is_linear=0
shrinkage=0.05


Tree=5
num_leaves=31
num_cat=0
split_feature=1 0 1 8 2 1 3 2 4 6 6 0 2 0 6 3 1 6 0 2 0 4 4 4 1 3 2 0 2 3
split_gain=195.066 60.2233 52.8625 18.7347 16.3097 14.8347 13.9772 12.6327 11.9045 9.14821 11.556 9.14128 8.69123 11.5867 9.90095 8.78762 8.30292 8.23632 8.00213 7.89317 7.65548 7.6392 7.25783 7.0481 8.45905 6.80558 7.97976 6.63691 8.89594 7.21569
threshold=11.500000000000002 26500.000000000004 20.500000000000004 3.5000000000000004 419.50000000000006 4.5000000000000009 15.000000000000002 64.500000000000014 3.5000000000000004 0.86130810705785221 0.98412014546508109 95650.000000000015 69.500000000000014 100850.00000000001 1.1420688920346442 17.000000000000004 15.500000000000002 1.0149802468265088 20350.000000000004 765.00000000000011 17450.000000000004 3.5000000000000004 2.5000000000000004 3.5000000000000004 9.5000000000000018 17.000000000000004 71.500000000000014 13450.000000000002 560.50000000000011 8.0000000000000018
decision_type=2 2 2 2 2 2 2 2 2 2 2 2 2 2 2 2 2 2 2 2 2 2 2 2 2 2 2 2 2 2
left_child=1 5 3 4 -2 -1 20 21 19 -5 16 23 14 17 -12 -16 -11 -14 -10 -8 -6 -3 -15 24 -9 -4 -27 -7 -29 -30
right_child=2 7 25 9 6 27 8 11 18 10 12 -13 13 22 15 -17 -18 -19 -20 -21 -22 -23 -24 -25 -26 26 -28 28 29 -31
leaf_value=0.01106455542263008 0.037556780564794112 -0.034096515548424106 -0.03660798089590258 0.023427421267513435 -0.023677696755316585 -0.029459969694109522 -0.0074893991159500854 0.039383891037417768 -0.020317032969817593 -0.064443172623083397 -0.038898429143390284 0.037569225154140649 0.00742316425008685 0.052017257639062689 -0.022829185075669098 0.029523740242168653 -0.011904592433194404 -0.013464965103953622 -0.062997545744546177 0.034702396471540234 -0.042967337317116064 0.018666470642160159 0.0059834331558221215 2.1607583240145997e-05 -0.0033506402414685888 -0.00035239853426918767 -0.029852768722365232 0.0079192005093679432 -0.02660649890269727 -0.0061753507188965192
leaf_weight=137.22979661822319 11.062598109245299 12.774831622838976 517.75490359961987 24.108272150158882 110.5148328691721 33.500464618206024 83.743923783302307 44.275227203965187 49.810541674494743 14.957592234015467 36.768467411398888 150.89543871581554 75.74720311164856 14.905085533857344 19.391028225421906 13.663375869393347 15.123060494661329 125.18861976265907 14.088279664516447 12.776144936680792 96.216554492712021 14.816591978073118 20.121022045612335 35.20308618247509 15.681161120533941 27.458302959799767 138.79003477096558 84.028834968805313 56.50970546901226 183.68344500660896
leaf_count=505 42 44 1711 89 375 114 294 174 171 48 124 601 275 59 67 52 53 439 45 48 316 56 74 129 57 97 466 308 193 652
internal_value=-0.0127995 0.00749551 -0.0237676 -0.0144884 -0.0222594 -0.00291125 -0.0240617 0.0263185 -0.012987 -0.00632363 -0.00845914 0.029916 -0.00555026 -0.000964825 -0.0210464 -0.00118857 -0.0380294 -0.00559072 -0.0297271 -0.00190457 -0.0326554 -0.0057628 0.0255728 0.0177801 0.028207 -0.0337819 -0.0249804 -0.00827266 -0.00608347 -0.0109821
internal_weight=2190.79 768.599 1422.19 738.187 378.213 494.952 367.15 273.646 160.419 359.974 335.865 246.055 305.785 235.962 69.8229 33.0544 30.0807 200.936 63.8988 96.5201 206.731 27.5914 35.0261 95.1595 59.9564 684.003 166.248 357.722 324.222 240.193
internal_count=7678 2833 4845 2571 1291 1772 1249 1061 558 1280 1191 961 1090 847 243 119 101 714 216 342 691 100 133 360 231 2274 563 1267 1153 845
is_linear=0
shrinkage=0.05


Tree=6
num_leaves=31
num_cat=0
split_feature=1 0 7 7 7 1 1 2 0 7 2 2 1 6 6 3 7 7 0 2 0 4 7 0 0 2 2 4 2 2
split_gain=188.768 63.609 58.4157 18.9864 15.8877 13.4218 13.1669 14.3269 12.7277 9.87138 9.49059 12.5065 9.68864 8.984 7.8486 7.8234 8.37374 7.52899 6.75063 8.26509 6.68245 11.6712 7.91034 6.5525 11.6191 6.54611 6.50936 7.44454 6.36811 6.17029
threshold=11.500000000000002 24650.000000000004 0.0049383017119445944 0.013667709646787778 1.0000000180025095e-35 19.500000000000004 21.500000000000004 583.00000000000011 90150.000000000015 -1.0000000180025095e-35 602.50000000000011 721.50000000000011 3.5000000000000004 0.83849108223286162 0.23037897656515344 17.000000000000004 0.03391627873537395 0.017416582406471186 90650.000000000015 479.50000000000006 95950.000000000015 1.5000000000000002 0.049737500343585948 18550.000000000004 21250.000000000004 518.50000000000011 82.500000000000014 5.5000000000000009 501.50000000000006 701.00000000000011
decision_type=2 2 2 2 2 2 2 2 2 2 2 2 2 2 2 2 2 2 2 2 2 2 2 2 2 2 2 2 2 2
left_child=1 3 5 -1 9 8 7 17 14 -3 15 12 -12 -14 -2 16 -5 -4 19 -19 21 28 -22 -13 -25 -21 27 -6 -8 -23
right_child=2 4 6 10 26 -7 20 -9 -10 -11 11 23 13 -15 -16 -17 -18 18 -20 25 22 29 -24 24 -26 -27 -28 -29 -30 -31
leaf_value=-0.013340318397213039 0.0080723878629831401 0.019926553730359193 -0.019829711686868264 0.043299299143097568 0.031925419779574311 -0.036107955351921336 -0.013408308898456437 -0.017946540176650917 -0.0055734888965416592 -0.014775779266392409 0.022108994088652259 -0.015055261721099856 -0.0026301823153395496 -0.042340852860524032 -0.030555763861748721 0.037888161900304973 -0.00071122965211416981 0.03053862587472686 -0.0029539616728772437 -0.02035303052465734 -0.020875608955761276 -0.00010815834980631463 -0.068084521338762402 0.050130221649887188 -0.0017500976344824413 0.016332941929307378 0.047854405043223955 -0.0049422953328639215 -0.056839295406045244 -0.035568158537984673
leaf_weight=256.88109743595123 13.841776341199873 62.919894754886627 32.416782677173615 13.545786470174788 123.21309077739716 554.94686591625214 13.508731439709662 136.2967699021101 76.399647250771523 30.390967354178429 13.248891443014143 13.798464819788931 24.979708731174469 33.136276364326477 263.10493823885918 33.120522364974022 53.475628465414047 47.269062399864197 100.18021500110626 20.473048195242882 20.514409735798836 68.336822748184204 15.636989265680311 21.866450369358063 21.309147387742996 29.945404097437859 57.372285172343254 15.404471859335898 22.494735538959503 14.952023103833197
leaf_count=894 49 237 113 53 491 1818 47 472 271 108 50 49 90 111 875 129 195 181 364 71 70 243 49 86 77 110 234 58 72 50
internal_value=-0.0128312 0.00704767 -0.0235976 -0.00401386 0.0256057 -0.031258 -0.010269 -0.00509808 -0.023641 0.00862415 0.00647189 -0.00252973 -0.0164759 -0.0252722 -0.0286251 0.0180081 0.0081838 0.00250645 0.00616579 0.0155183 -0.0224635 -0.0167565 -0.0412954 0.014939 0.0245249 0.00143614 0.0336906 0.0278283 -0.0405437 -0.00647394
internal_weight=2204.98 774.663 1430.32 485.362 289.301 908.293 522.025 366.581 353.346 93.3109 228.481 128.339 71.3649 58.116 276.947 100.142 67.0214 230.285 197.868 97.6875 155.444 119.292 36.1514 56.9741 43.1756 50.4185 195.99 138.618 36.0035 83.2888
internal_count=7717 2862 4855 1734 1128 3013 1842 1311 1195 345 840 463 251 201 924 377 248 839 726 362 531 412 119 212 163 181 783 549 119 293
is_linear=0
shrinkage=0.05


Tree=7
num_leaves=31
num_cat=0
split_feature=7 2 7 6 0 4 3 0 4 6 0 7 0 0 2 7 6 7 0 0 0 7 2 0 0 0 0 2 2 2
split_gain=148.589 31.9052 18.5584 13.0442 12.9161 9.94826 9.53754 8.87686 7.94492 9.2411 8.60412 7.60282 7.44745 11.6743 6.97037 6.84923 6.70092 6.51231 14.2155 10.5012 13.5563 11.0803 7.51241 6.1325 6.06975 6.27934 6.05045 5.73531 5.69009 7.34263
threshold=1.0000000180025095e-35 479.50000000000006 -0.0019936359452242956 1.0292266246139696 90150.000000000015 1.0000000180025095e-35 15.000000000000002 17650.000000000004 5.5000000000000009 0.97168012261847492 21150.000000000004 -0.01872079439252336 17050.000000000004 19350.000000000004 492.50000000000006 0.054231490091796168 1.0944593095117707 0.053678256997131128 17250.000000000004 90650.000000000015 97350.000000000015 0.056690596435577452 71.500000000000014 20450.000000000004 1303450.0000000002 118750.00000000001 78650.000000000015 537.50000000000011 692.00000000000011 631.50000000000011
decision_type=2 2 2 2 2 2 2 2 2 2 2 2 2 2 2 2 2 2 2 2 2 2 2 2 2 2 2 2 2 2
left_child=2 17 4 5 6 23 7 27 10 -10 -4 -9 -5 -14 -7 -15 -8 24 -19 -20 -21 -22 -23 -3 25 26 -2 -1 29 -29
right_child=1 3 8 12 -6 14 16 11 9 -11 -12 -13 13 15 -16 -17 -18 18 19 20 21 22 -24 -25 -26 -27 -28 28 -30 -31
leaf_value=-0.028770231144524316 0.024304516753968563 -0.017316352072904186 -0.03415092780695108 -0.023300859464959897 -0.0042767721240261772 -0.043803340514922177 -0.015682465337227086 -0.037627914372801302 -0.014069622587967817 -0.056583300424851359 -0.019300246166258125 -0.014985818080620559 0.054521194637806206 -0.0096320107786408097 -0.0042268330333960586 0.027111815786036088 0.013251337106502165 -0.029016664955205152 0.044626986948658465 -0.012008768686516024 0.074479969351116976 0.0026706948516323089 0.028736461079394638 -0.051576821595879167 -0.018524060602092409 0.037418478140013471 0.0026466010309543985 -0.015040194038227912 -0.026802842631889187 0.017587663609363893
leaf_weight=68.639052331447601 40.239066600799561 50.963313281536102 235.94623002409935 11.862510070204733 138.82745014131069 11.468955680727957 186.96233025193214 167.60561056435108 16.861588001251221 52.833905622363091 166.26116940379143 47.605535224080086 17.751211255788803 27.295910805463791 371.54228182137012 23.690031096339226 22.409232586622238 14.459776967763899 41.860317304730415 33.123075351119041 9.9603477418422681 42.494917362928391 79.089594379067421 17.562562137842178 21.187682956457138 18.44760325551033 162.36873090267181 44.01347428560257 35.047364413738251 28.349498808383942
leaf_count=229 153 177 774 41 493 38 641 549 57 166 565 163 70 97 1325 90 81 50 169 120 42 160 316 57 75 73 597 150 117 102
internal_value=-0.0112047 0.00310839 -0.0229657 -0.00524371 -0.0180218 -0.00855111 -0.0211987 -0.0258078 -0.0307127 -0.0462979 -0.0280121 -0.0326194 0.0132851 0.019599 -0.00541192 0.00744059 -0.0125857 0.0127029 0.0189098 0.0222654 0.0165808 0.0237797 0.0196262 -0.026097 0.00704051 0.00949082 0.00694799 -0.0174809 -0.0102666 -0.00225764
internal_weight=2206.73 995.368 1211.36 532.137 739.46 451.537 600.632 391.261 471.903 69.6955 402.207 215.211 80.5997 68.7372 383.011 50.9859 209.372 463.231 220.988 206.528 164.668 131.545 121.585 68.5259 242.243 221.055 202.608 176.049 107.41 72.363
internal_count=7737 3650 4087 1895 2525 1597 2032 1310 1562 223 1339 712 298 257 1363 187 722 1755 857 807 638 518 476 234 898 823 750 598 369 252
is_linear=0
shrinkage=0.05


Tree=8
num_leaves=31
num_cat=0
split_feature=1 0 1 0 1 0 1 0 0 1 3 2 6 4 2 3 2 4 2 6 4 0 2 0 6 6 8 6 6 2
split_gain=181.89 50.8949 33.3594 14.415 13.3882 10.4678 8.98638 8.27424 8.5527 7.27476 5.9107 5.7813 6.14691 6.73135 6.19692 5.92682 5.57366 6.41427 5.54707 5.44646 5.81618 5.41548 6.58468 9.994 7.45752 8.26751 7.04369 6.89132 5.30509 5.97149
threshold=11.500000000000002 25450.000000000004 19.500000000000004 89850.000000000015 4.5000000000000009 123750.00000000001 4.5000000000000009 19750.000000000004 13450.000000000002 24.500000000000004 15.000000000000002 685.50000000000011 0.78607471107471116 3.5000000000000004 799.50000000000011 15.000000000000002 64.500000000000014 4.5000000000000009 732.00000000000011 0.39289563736754235 2.5000000000000004 106750.00000000001 670.00000000000011 13550.000000000002 0.82197585326213152 0.98910073651698749 6.5000000000000009 1.132224677135117 0.80749599157519247 677.50000000000011
decision_type=2 2 2 2 2 2 2 2 2 2 2 2 2 2 2 2 2 2 2 2 2 2 2 2 2 2 2 2 2 2
left_child=1 4 3 11 -1 6 -3 8 -6 21 19 -2 18 15 -15 -14 -8 -18 -13 20 -10 22 23 -4 -24 -26 -25 -28 -12 -30
right_child=2 5 9 -5 7 -7 16 -9 10 -11 28 12 13 14 -16 -17 17 -19 -20 -21 -22 -23 24 26 25 -27 27 -29 29 -31
leaf_value=0.011577896962937737 -0.014890027785253569 0.036780994222386669 -0.056729168981740165 -0.001500426053039774 -0.025236886101860985 0.044219778689927353 -0.011530487019295384 -0.018861083051932306 -0.04828141432934932 -0.033996558415205609 0.038688638494627267 -0.039700542124170436 -0.039452468750539677 -0.068973825238669795 -0.026209043028636938 -0.0070785522863336947 0.023266712097396221 -0.0013683694329263061 0.0019683046777558572 0.00033153726555950382 -0.0025500880747589307 -0.042151098464751673 -0.052146825277399313 -0.012335073967424648 0.0063734817236892061 -0.035193949504459039 -0.014828008917007474 -0.059719343324694342 0.013577419929611704 -0.021191266348083555
leaf_weight=138.04457266628742 354.62113532423973 60.063296645879745 15.855179637670515 176.35476267337799 33.959957018494606 56.850566178560257 18.667921915650368 101.22436897456646 13.478075683116915 378.68777997791767 15.085400298237799 11.355706840753554 28.843314468860626 20.699541196227074 14.339558035135267 27.728438630700111 112.37206245958805 34.545828551054001 26.923038065433502 99.377168819308281 14.360495179891585 38.178419873118401 34.637405216693878 209.91727389395237 17.086575657129288 39.885664761066437 17.465496525168419 16.745805397629738 57.674003586173058 15.714199319481848
leaf_count=509 1222 241 50 636 115 236 67 351 44 1239 57 37 94 64 48 97 440 129 95 355 51 125 110 722 60 131 60 53 213 54
internal_value=-0.0114172 0.00814917 -0.0219773 -0.0137404 -0.00161315 0.0250447 0.0202137 -0.00680292 -0.00191374 -0.029061 0.00175846 -0.0181955 -0.0272201 -0.0342511 -0.0514726 -0.0235845 0.0142042 0.0174741 -0.0103931 -0.00514413 -0.024691 -0.0242659 -0.0223238 -0.018262 -0.0338508 -0.0227274 -0.0157637 -0.0368015 0.0116836 0.0061326
internal_weight=2200.74 771.418 1429.33 660.865 488.918 282.5 225.649 350.874 249.649 768.46 215.689 484.511 129.89 91.6109 35.0391 56.5718 165.586 146.918 38.2787 127.216 27.8386 389.772 351.593 259.984 91.6096 56.9722 244.129 34.2113 88.4736 73.3882
internal_count=7705 2862 4843 2293 1749 1113 877 1240 889 2550 774 1657 435 303 112 191 636 569 132 450 95 1311 1186 885 301 191 835 113 324 267
is_linear=0
shrinkage=0.05


Tree=9
num_leaves=31
num_cat=0
split_feature=1 0 7 1 7 1 0 8 3 2 1 2 0 2 7 7 4 7 6 7 0 3 7 3 7 2 0 2 4 0
split_gain=159.909 48.1143 42.1615 13.1522 12.7487 11.9959 12.5924 10.7946 11.1252 7.99416 9.31662 11.7951 8.13253 7.98657 7.94942 7.70351 8.95639 7.48137 7.17397 8.72311 6.67989 6.43162 11.3296 6.37892 6.04795 5.89787 5.84267 7.74909 5.76518 7.13552
threshold=11.500000000000002 94050.000000000015 0.018282043342131526 21.500000000000004 0.013667709646787778 19.500000000000004 90150.000000000015 3.5000000000000004 8.0000000000000018 602.50000000000011 3.5000000000000004 692.00000000000011 14450.000000000002 81.500000000000014 0.088836967808930439 0.042503010839020479 2.5000000000000004 -0.0064725596983661498 1.0258031226072775 0.043187672084554589 86450.000000000015 15.000000000000002 -0.063186866271514749 10.000000000000002 0.016076626277668725 82.500000000000014 15250.000000000002 775.00000000000011 1.5000000000000002 90650.000000000015
decision_type=2 2 2 2 2 2 2 2 2 2 2 2 2 2 2 2 2 2 2 2 2 2 2 2 2 2 2 2 2 2
left_child=1 4 5 7 13 6 20 8 -4 12 -11 -12 -6 -1 18 16 -3 -8 -14 -20 -2 -7 -23 -19 -18 -17 -10 -28 -9 -30
right_child=2 15 3 -5 9 21 17 28 26 10 11 -13 14 -15 -16 25 24 23 19 -21 -22 22 -24 -25 -26 -27 27 -29 29 -31
leaf_value=0.014790388600493615 -0.022280647388055828 0.0025127840749962944 -0.048903770426789499 -0.020717935838031141 -0.011884346896711221 -0.0345970833591503 0.012792945623483931 -0.0093236910636429748 0.01826907459151654 0.027326547727029245 -0.023719491190061039 0.0095112285032444722 0.028101184709808533 -0.0088146047207143703 0.04947250010024145 0.032767581921064631 0.047840282451035859 0.010330250101680039 0.02614599954478607 -0.019703988049459248 -0.059652777527645862 0.0098338398993354278 -0.027465878044128762 -0.029232150563148845 0.0086254943212907137 0.060158963578086068 -0.017423487161553383 0.021376354667046217 0.024938767099029507 0.001330990283463963
leaf_weight=41.436542317271233 302.80266371369362 39.453608825802803 17.641300663352013 122.97749064862728 20.081296235322952 348.55351559817791 42.261528760194778 40.783056199550629 20.036154851317406 25.976608410477638 50.212383970618248 57.03376692533493 55.820755526423454 265.01790164411068 22.244018390774727 68.835183262825012 30.405470237135887 15.136111184954641 18.723560929298401 23.26169753074646 12.448318764567373 22.508867427706718 213.09135358035564 31.172054708003998 14.531013339757918 27.504337191581726 82.481615200638771 15.247459962964056 59.542595103383064 69.215173125267029
leaf_count=155 1014 149 57 418 72 1132 154 146 74 100 173 210 217 924 91 285 122 55 73 85 39 80 704 106 56 121 283 56 227 254
internal_value=-0.0100915 0.0084007 -0.0200245 -0.00691456 0.00137938 -0.0257029 -0.0190764 -0.00134801 -0.0118744 0.00922957 0.000460132 -0.00604731 0.0175667 -0.00562291 0.0224931 0.0309262 0.0198967 -0.00241863 0.0163571 0.00074307 -0.0237564 -0.0302837 -0.0239023 -0.0163009 0.0351595 0.0405877 -0.00632734 -0.01137 0.00705904 0.0122481
internal_weight=2176.44 760.538 1415.9 427.925 579.809 987.974 403.821 304.947 135.407 273.354 133.223 107.246 140.131 306.454 120.05 180.73 84.3901 88.5697 97.806 41.9853 315.251 584.154 235.6 46.3082 44.9365 96.3395 117.765 97.7291 169.541 128.758
internal_count=7632 2833 4799 1515 2100 3284 1368 1097 470 1021 483 383 538 1079 466 733 327 315 375 158 1053 1916 784 161 178 406 413 339 627 481
is_linear=0
shrinkage=0.05


Tree=10
num_leaves=31
num_cat=0
split_feature=1 2 7 7 1 1 6 4 0 2 4 2 1 0 8 3 2 3 0 8 2 7 7 2 4 6 3 2 2 8
split_gain=144.784 40.1152 36.2006 18.1269 14.4489 10.4814 10.4086 9.80965 6.78934 7.59024 7.12401 6.6723 6.60927 10.0891 6.50087 12.1506 6.46645 6.34202 6.22331 7.04866 9.0697 7.30425 6.81326 6.20091 5.99748 5.92462 5.90585 5.8897 7.91115 8.18604
threshold=11.500000000000002 458.50000000000006 0.018282043342131526 0.0078224566354280472 21.500000000000004 4.5000000000000009 1.0161031013380357 1.0000000180025095e-35 13350.000000000002 543.50000000000011 1.5000000000000002 799.50000000000011 19.500000000000004 90150.000000000015 3.5000000000000004 8.0000000000000018 501.50000000000006 19.000000000000004 14750.000000000002 2.5000000000000004 724.00000000000011 -0.024974012474012472 -0.052746619296625462 787.00000000000011 2.5000000000000004 0.99926891815671626 10.000000000000002 64.500000000000014 81.500000000000014 3.5000000000000004
decision_type=2 2 2 2 2 2 2 2 2 2 2 2 2 2 2 2 2 2 2 2 2 2 2 2 2 2 2 2 2 2
left_child=1 3 11 27 7 -3 -5 25 -7 -10 23 12 13 16 15 -9 -2 24 22 20 21 -20 -18 -11 -17 -4 -15 -1 -29 -30
right_child=2 5 4 6 -6 8 -8 14 9 10 -12 -13 -14 26 -16 17 18 -19 19 -21 -22 -23 -24 -25 -26 -27 -28 28 29 -31
leaf_value=-0.024498532909663036 -0.034325595145862128 0.010790575134404068 -0.053242034883590285 0.047287150784018635 -0.021886185575427212 -0.029354897871373416 0.022391708046886019 -0.048232691495283114 0.010521669453894062 -0.025762014316251441 -0.0019719909067172962 -0.043215014074932077 -0.027361839077416451 0.014324067710651639 0.0085918717831589726 0.025378831984226205 -0.027226384581201142 -0.024988892086037853 -0.018439964374080478 -0.011981989681718824 -0.006069500719760321 -0.055174081264938946 0.021337869652476374 0.012104911665189559 -0.0036926826316550582 -0.012104275327461741 -0.013094316840225726 0.020855106637977922 0.016564916246106707 -0.037505058707134178
leaf_weight=13.784457132220266 91.642765358090401 133.14706094563007 12.426701158285139 70.332963690161705 125.4776127487421 27.84434312582016 104.16628582775593 15.557175442576407 73.471121534705162 69.259530663490295 173.49717186391354 46.992179363965988 561.09741981327534 29.222011640667915 150.94736924767494 25.935604065656662 11.786898627877237 21.542627230286598 20.538803815841675 86.202162399888039 23.593670681118965 39.66979056596756 18.648148208856583 12.811002880334852 56.147731319069862 29.599387869238853 59.894331678748131 60.234387740492821 13.582553654909136 14.444159999489782
leaf_count=48 300 493 40 299 424 93 423 50 272 234 617 150 1845 107 561 96 39 73 69 293 81 125 67 47 198 104 209 231 52 49
internal_value=-0.010115 0.00741108 -0.0195304 0.0226367 -0.00755658 -0.0011814 0.032426 -0.00179651 -0.00564793 -0.00364177 -0.00771351 -0.0248273 -0.0239103 -0.0188299 0.00169958 -0.00702961 -0.0233231 -0.00084387 -0.0182926 -0.0220203 -0.0323462 -0.0426431 0.00252988 -0.0198511 0.00549295 -0.0242683 -0.00410359 0.00589698 0.0106441 -0.0113012
internal_weight=2193.5 766.575 1426.92 276.545 437.634 490.03 174.499 312.157 356.883 329.039 255.568 989.288 942.296 381.199 270.131 119.183 292.082 103.626 200.439 170.004 83.8023 60.2086 30.435 82.0705 82.0833 42.0261 89.1163 102.046 88.2611 28.0267
internal_count=7689 2858 4831 1102 1546 1756 722 1122 1263 1170 898 3285 3135 1290 978 417 974 367 674 568 275 194 106 281 294 144 316 380 332 101
is_linear=0
shrinkage=0.05


end of trees

feature_importances:
price_ngn=84
price_trend_3d=62
duration_min=56
price_vs_route_med=38
days_to_departure=35
dow=23
departure_hour=22
carrier_rank=10

parameters:
[boosting: gbdt]
[objective: binary]
[metric: auc,binary_logloss]
[tree_learner: serial]
[device_type: cpu]
[data_sample_strategy: bagging]
[data: ]
[valid: ]
[num_iterations: 400]
[learning_rate: 0.05]
[num_leaves: 31]
[num_threads: 0]
[seed: 0]
[deterministic: 0]
[force_col_wise: 0]
[force_row_wise: 0]
[histogram_pool_size: -1]
[max_depth: -1]
[min_data_in_leaf: 40]
[min_sum_hessian_in_leaf: 0.001]
[bagging_fraction: 0.9]
[pos_bagging_fraction: 1]
[neg_bagging_fraction: 1]
[bagging_freq: 1]
[bagging_seed: 3]
[bagging_by_query: 0]
[feature_fraction: 0.9]
[feature_fraction_bynode: 1]
[feature_fraction_seed: 2]
[extra_trees: 0]
[extra_seed: 6]
[early_stopping_round: 0]
[early_stopping_min_delta: 0]
[first_metric_only: 0]
[max_delta_step: 0]
[lambda_l1: 0]
[lambda_l2: 0]
[linear_lambda: 0]
[min_gain_to_split: 0]
[drop_rate: 0.1]
[max_drop: 50]
[skip_drop: 0.5]
[xgboost_dart_mode: 0]
[uniform_drop: 0]
[drop_seed: 4]
[top_rate: 0.2]
[other_rate: 0.1]
[min_data_per_group: 100]
[max_cat_threshold: 32]
[cat_l2: 10]
[cat_smooth: 10]
[max_cat_to_onehot: 4]
[top_k: 20]
[monotone_constraints: ]
[monotone_constraints_method: basic]
[monotone_penalty: 0]
[feature_contri: ]
[forcedsplits_filename: ]
[refit_decay_rate: 0.9]
[cegb_tradeoff: 1]
[cegb_penalty_split: 0]
[cegb_penalty_feature_lazy: ]
[cegb_penalty_feature_coupled: ]
[path_smooth: 0]
[interaction_constraints: ]
[verbosity: -1]
[saved_feature_importance_type: 0]
[use_quantized_grad: 0]
[num_grad_quant_bins: 4]
[quant_train_renew_leaf: 0]
[stochastic_rounding: 1]
[linear_tree: 0]
[max_bin: 255]
[max_bin_by_feature: ]
[min_data_in_bin: 3]
[bin_construct_sample_cnt: 200000]
[data_random_seed: 1]
[is_enable_sparse: 1]
[enable_bundle: 1]
[use_missing: 1]
[zero_as_missing: 0]
[feature_pre_filter: 1]
[pre_partition: 0]
[two_round: 0]
[header: 0]
[label_column: ]
[weight_column: ]
[group_column: ]
[ignore_column: ]
[categorical_feature: ]
[forcedbins_filename: ]
[precise_float_parser: 0]
[parser_config_file: ]
[objective_seed: 5]
[num_class: 1]
[is_unbalance: 1]
[scale_pos_weight: 1]
[sigmoid: 1]
[boost_from_average: 1]
[reg_sqrt: 0]
[alpha: 0.9]
[fair_c: 1]
[poisson_max_delta_step: 0.7]
[tweedie_variance_power: 1.5]
[lambdarank_truncation_level: 30]
[lambdarank_norm: 1]
[label_gain: ]
[lambdarank_position_bias_regularization: 0]
[eval_at: ]
[multi_error_top_k: 1]
[auc_mu_weights: ]
[num_machines: 1]
[local_listen_port: 12400]
[time_out: 120]
[machine_list_filename: ]
[machines: ]
[gpu_platform_id: -1]
[gpu_device_id: -1]
[gpu_use_dp: 0]
[num_gpu: 1]

end of parameters

pandas_categorical:[]